Abel,17,15,3,8,6,44,41,27,25,25
Azura,17,17,7,4,6,36,43,36,21,28
Cain,18,16,2,7,6,42,40,27,27,21
Camilla,18,16,3,6,7,37,38,27,28,31
Catria,17,18,10,7,6,39,42,34,29,25
Cordelia,17,18,4,5,6,40,43,30,22,25
Corrin (femme),19,17,6,8,6,41,40,34,34,21
Corrin (homme),20,24,8,6,5,48,45,35,34,24
Effie,22,27,5,11,4,50,55,22,33,23
Elise,15,8,8,4,8,33,45,32,22,35
Fae,16,18,4,6,8,46,46,28,26,30
Hawkeye,21,20,5,6,6,48,50,22,31,33
Hector,24,26,5,11,4,52,52,24,37,19
Hinoka,19,15,3,6,7,41,43,27,25,24
Jeorge,18,22,7,5,5,37,46,32,24,22
Kagero,16,14,8,5,6,31,40,32,22,28
Leo,17,21,5,6,8,39,43,22,25,30
Lilina,16,23,6,4,9,35,53,25,19,31
Linde,16,23,10,4,5,35,49,39,14,26
Lucina,19,24,10,6,4,43,50,36,25,19
Lyn,18,22,11,7,5,37,44,37,26,29
Marth,19,23,8,7,6,41,47,34,29,23
Merric,25,21,8,6,4,48,40,32,28,19
Minerva,18,23,9,8,5,40,52,38,27,20
Nino,16,16,10,4,7,33,46,36,19,29
Nowi,17,17,5,6,5,45,42,27,33,30
Ogma,21,15,5,6,3,47,46,29,28,10
Olivia,17,17,7,5,4,36,43,33,27,26
Peri,16,20,9,6,6,35,44,33,23,33
Daraen (homme),18,18,7,7,5,40,40,29,29,22
Roy,20,24,9,6,4,44,46,31,25,28
Ryoma,19,24,11,5,4,41,53,35,27,21
Sheena,21,19,6,12,7,45,41,25,36,33
Takumi,18,22,7,6,5,40,46,33,25,18
Tharja,17,21,8,6,5,39,45,34,23,20
Tiki jeune,15,20,4,8,7,41,46,30,22,29
Alfonse,19,20,6,8,5,43,51,25,32,22
Anna,19,18,8,5,6,41,45,38,22,28
Caeda,17,18,10,5,9,33,37,37,24,34
Felicia,15,13,11,3,9,34,33,37,18,38
Hawkeye,21,20,5,6,6,45,44,22,28,30
Jakob,17,14,9,6,5,39,39,31,28,24
Nino,16,16,10,4,7,33,46,36,19,29
Raven,19,16,4,6,5,41,42,30,25,22
Sakura,16,16,8,5,9,36,38,30,24,30
Shanna,17,15,9,6,6,39,37,35,25,32
Sharena,19,19,10,7,5,43,48,35,29,22
Wrys,18,5,6,5,10,42,34,23,25,33